AD 468.7,239.8 467.9,240.2 467.9,239.8 
AE 599.5,294.2 605.9,294.2 611.5,289 611.9,290.2 611.9,292.2 610.7,292.2 610.7,294.6 609.9,294.6 608.7,298.6 602.3,297.8  
AF 623.9,278.2 626.3,275.4 626.3,273.8 623.9,273.4 623.1,268.6 625.1,261.4 628.3,262.6 636.7,255.4 638.7,256.2 641.9,256.6 645.9,256.6 649.9,252.6 651.1,253 651.1,254.2 651.9,254.2 651.5,256.6 652.3,258.2 655.5,256.2 659.1,255.8 660.7,256.6 659.9,257 658.3,257.8 655.5,257.4 652.3,258.6 651.1,259.8 652.3,262.6 650.3,264.6 650.7,265.4 649.9,266.2 647.5,266.2 648.7,268.2 646.7,269 645.9,272.2 644.7,273 643.1,272.6 639.9,274.2 638.3,275 638.3,277.8 632.3,279.4 627.9,279.4  
AG 301.538,313.188 301.325,313.625 302,313.612 301.462,311.675 301.675,312.225 301.85,312.025  
AI 298.325,310.2 298.062,310.588 298.6,310.25 298.462,310.575 298.012,310.85 298.475,311  
AL 516.7,239.8 518.3,241.8 517.9,244.2 519.1,245.4 519.1,246.2 517.1,249.4 515.1,247 515.5,242.2 514.7,242.2  
AM 582.3,243.8 578.3,244.2 578.7,247.8 581.1,248.6 584.3,249.4 585.1,251.4 585.9,251.4 585.9,249 583.9,248.2 584.7,247 
AN 282.283,326.033 283.417,326.858 283.167,326.992 284.392,326.2 284.908,326.583 284.642,327.017 
AO 495.5,372.2 497.5,370.2 498.3,371 496.7,372.2 496.7,373.8 495.9,373.8 496.7,374.6 497.9,374.2 507.5,374.2 509.9,379.8 514.7,379.8 515.1,377 517.9,377 517.9,377.8 521.1,377.8 522.3,388.6 527.1,387.8 527.1,393 521.5,393 521.5,401.4 525.5,405.8 518.7,406.6 513.9,406.2 512.3,405 500.7,405 498.3,403.8 494.7,404.6 494.7,400.6 497.1,394.2 499.9,391 500.3,387.8 497.9,382.6 499.1,381.4 496.3,375
AR 287.5,419.8 290.3,417 291.1,417.8 294.3,418.2 295.1,419.8 295.9,417.8 299.5,418.2 304.7,422.6 312.7,427 309.9,432.2 317.5,432.6 319.9,430.6 320.7,427.4 322.7,427.4 322.7,431.8 312.7,440.6 310.3,451.4 310.3,453.4 313.9,455.8 315.5,460.2 312.7,464.2 300.3,466.2 300.3,472.2 293.5,472.2 294.3,477 291.5,485.4 286.7,487.8 286.7,491 291.1,492.6 290.7,495.8 286.3,499.8 285.9,502.2 282.7,503.8 282.3,505.8 284.3,510.6 280.3,509.4 275.1,509.4 273.9,504.6 271.9,505 271.1,500.2 276.3,486.6 274.7,476.6 276.3,466.6 277.9,465 279.9,449.4 278.7,443.4 283.9,430.6 283.9,425 287.1,423 
AS 961.3,396.417 960.75,396.617 960.967,396.8 
AT 489.5,223.8 497.9,223.8 497.5,221.8 500.3,219.8 502.7,220.2 503.5,218.6 508.7,219.8 508.7,223 506.7,225.8 502.3,227.4 499.9,227 495.9,225.4 491.5,226.2 489.1,225
AU 833.1,406.2 837.5,387.4 842.3,397 845.5,398.6 848.3,408.6 865.9,427.4 867.1,436.6 863.9,447.4 858.3,456.6 857.5,462.2 848.3,466.6 843.9,464.2 841.1,466.6 831.1,462.2 829.1,456.2 825.1,451.8 820.7,454.2 814.7,445.8 807.1,444.6 795.1,446.6 788.7,451.4 779.1,451.4 773.5,454.6 766.3,451.8 767.9,446.2 762.3,430.6 763.9,427.8 761.5,423 770.7,413.8 782.3,411 786.7,403 788.7,404.6 797.5,395.4 800.7,398.6 804.3,398.6 803.9,396.6 808.3,390.6 811.9,391 813.1,388.6 823.5,391.8 819.9,398.2 843.9,471.8 848.7,473.4 853.5,471.8 853.5,476.2 849.9,481 847.5,480.6 843.9,473 
AW 279.958,325.408 280.492,325.975 280.008,325.842
AX 516.755,177.171 515.261,177.771 517.163,178.818
AZ 585.9,241.8 585.5,242.6 586.7,243.8 586.3,244.6 583.1,243.4 582.3,243.8 584.7,247 583.9,248.2 585.9,249 585.9,251.4 589.9,249 592.3,253 593.9,247.4 595.9,246.6 593.9,245.8 591.5,242.2 589.9,244.2  584.3,249.4 581.1,248.6 583.5,251 585.1,251.4  
BA 514.3,232.2 514.3,237 512.3,240.2 505.1,232.6 505.5,231.4  
BB 307.333,323.562 307.938,324.004 307.421,324.346 
BD 697.9,300.6 697.1,293.8 695.1,293 697.5,291 695.5,289.4 696.3,287.8 699.5,288.6 699.9,291 706.7,291.8 703.5,295.4 704.3,297.8 706.3,295.4 707.1,300.2 707.1,302.2 705.9,303 704.3,298.2  
BE 470.7,211.8 472.7,210.6 477.1,210.2 479.5,211.4 478.7,212.6 479.9,212.6 480.7,214.2 479.9,215 479.1,215.8 479.1,217 478.3,217 
BF 466.3,329.8 470.3,327.4 464.5,319.4 461.5,319.4 458.7,320.6 458.3,321.4 456.3,321.8 449.9,327.8 449.5,331.4 452.7,333.4 454.7,332.2 456.7,334.2 456.7,329.8 462.7,329.8 463.5,329.4 464.3,329.4 
BG 524.3,243.8 523.9,241.8 522.7,240.6 524.3,237.8 522.7,235.8 523.5,234.6 524.3,235.8 531.5,236.2 535.5,235 539.1,236.2 538.7,237.4 535.9,240.2 537.5,241.8 533.1,242.6 532.7,243.8 530.3,244.2 528.3,243 
BH 596.225,288.467 597.012,288.133 596.779,289.433  
BI 544.7,365 545.1,367.4 541.9,370.6 540.7,367.8 539.9,366.2 
BJ 471.1,341.8 471.1,335 471.9,335 473.9,331.4 473.1,328.6 473.5,327.8 471.1,325.8 470.3,327.4 466.3,329.8 465.9,331.4 467.9,332.6 468.7,342.2
BN 766.3,345.8 767.1,347.4 765.5,346.2 765.5,347.8 765.1,348.2 763.9,347 
BO 281.5,405 282.7,403 283.9,401.8 281.9,399.8 283.5,391.8 281.5,387.8 284.7,387.8 288.7,385 292.3,384.2 293.1,390.6 305.5,395.4 305.9,401.8 310.7,401.8 310.7,404.6 312.7,407 311.5,412.2 308.7,410.2 301.9,411 299.5,418.2 295.9,417.8 295.1,419.8 294.3,418.2 291.1,417.8 290.3,417 287.5,419.8 285.5,419.8  
BR 328.3,347.8 324.7,353 320.7,352.6 315.5,353.8 309.5,355.4 307.1,353.8 306.3,345.4 304.7,345 304.7,345.8 298.7,349.4 293.9,347.8 295.9,352.2 297.5,352.6 290.7,357 288.3,355.8 286.7,353.4 285.5,354.2 280.3,354.2 280.3,355.8 281.9,355.8 281.9,357 279.9,357 279.9,359.4 281.9,362.2 280.3,369.8 277.9,369.8 272.7,372.2 271.9,375.8 269.5,378.6 274.7,385.4 278.7,383.8 278.7,387.8 284.7,387.8 288.7,385 292.3,384.2 293.1,390.6 305.5,395.4 305.9,401.8 310.7,401.8 310.7,404.6 312.7,407 311.5,412.2 311.5,417.8 317.5,418.2 318.7,423 321.5,423 320.7,427.4 322.7,427.4 322.7,431.8 312.7,440.6 314.7,440.2 324.3,447.8 323.1,449.4 323.5,451 335.9,435.8 336.3,427.8 343.5,422.2 353.9,419.8 361.1,405.4 362.3,393.4 371.9,381.8 372.3,377 370.7,372.2 366.3,371.8 358.7,366.2 349.1,365 347.1,366.2 345.5,362.6 338.3,360.2 335.5,362.6 336.7,359.4 332.3,357.8 332.7,354.2 331.5,353.8  
BS 258.7,291.4 257.9,293 259.1,293.8 259.9,293 259.9,293.8 259.1,294.2 260.3,295.4  257.1,287.4 259.5,286.6 259.5,287 260.7,286.6 261.9,287.8 261.1,289 261.5,287.8  
BT 697.1,286.2 699.9,287 705.9,286.6 705.5,285 704.7,285 704.7,284.2 700.3,282.6  
BW 529.9,405.8 537.5,416.2 541.1,417.8 534.7,422.2 531.1,427.8 524.7,426.6 521.1,431 518.3,431 517.9,429.8 518.7,429 516.3,425.4 516.3,417.4 519.1,417.4 519.1,407.4 525.1,406.6 525.9,407.8
BY 537.9,193.4 533.9,195.4 531.1,200.6 525.9,201.8 526.7,206.2 525.1,207.8 525.9,208.2 525.9,209.8 530.3,208.6 544.3,210.6 545.5,208.2 547.5,208.2 546.7,204.2 549.9,203.4 545.1,198.6 545.1,195.4  
BZ 229.9,311.4 231.9,309.4 231.9,314.6 230.3,316.6 229.9,316.6
CA 315.9,210.2 308.3,223 324.7,225 322.7,217 315.5,216.2 318.7,209.4  258.3,134.6 272.3,144.6 273.9,148.6 268.3,153.4 270.3,155.8 261.1,157 259.1,160.2 262.3,161.4 269.1,160.2 277.1,166.6 290.7,170.6 283.5,163.8 293.1,167 295.1,164.2 285.9,152.6 297.1,158.2 302.7,151 285.5,142.2 288.3,138.6 283.5,132.2 260.3,122.6 253.9,124.6 249.5,117.4 239.5,120.6 239.5,127 236.7,122.6 240.7,117.4 233.5,117.4 227.5,125.4 227.9,129.4 233.9,131 229.1,131 233.9,135 257.1,136.2  251.9,117.8 255.5,122.2 264.3,121.8 259.5,118.2 189.9,119 187.1,122.2 189.5,130.6 199.1,136.2 195.9,140.6 183.5,138.6 166.7,143 155.9,135.8 169.5,133.8 155.5,133 152.7,131 158.3,128.6 151.5,127.8 153.5,123.4 162.3,119 165.1,122.6 166.7,121 172.7,123.8 173.1,121.4 178.3,123.4 180.3,127.8 180.3,119.8 185.5,121 183.5,118.2 187.1,117.4 161.1,118.6 147.9,125.4 147.1,128.6 141.1,131.4 133.5,126.2 138.7,117 136.3,114.6 145.5,113.4 155.1,115 158.7,97 141.5,104.2 155.9,103.8 161.5,103 155.9,109.8 170.7,114.2 185.9,109.8 186.3,105.4 179.9,104.6 177.5,100.6 174.3,107.8 187.1,87 197.9,89 202.7,95.4 190.7,93 190.3,102.2 207.5,103.4 206.7,110.6 201.5,110.6  213.5,108.2 210.3,110.6 216.7,112.6 218.3,109.4 209.1,100.2 225.9,101.4 229.9,107.4 253.5,107.8 252.3,113 227.9,113.8 221.1,109 218.7,103.4 214.7,104.2 205.1,91 211.9,97.4 219.9,96.2 262.7,143.4 260.7,146.6 264.3,148.6 266.7,144.6 165.9,94.9999 174.7,93.3999 175.1,96.1999 169.1,97.7999 288.3,232.2 285.9,229.4 285.9,225 282.3,223.8 275.9,231.8 267.1,231.8 264.3,233.8 256.3,235.4 254.3,237.4 256.3,237.4 256.7,238.6 245.9,241.4 245.9,240.6 247.5,238.2 249.1,237 250.3,231.8 253.9,233.8 251.9,229 242.7,227.4 241.9,226.6 241.1,222.2 232.7,218.6 228.3,221.8 214.3,218.6 141.5,218.6 134.7,214.6 139.5,219 139.5,220.6 133.5,218.6 126.7,212.6 128.3,212.2 132.3,213.4 120.7,201.4 121.5,198.6 122.7,193.8 107.9,179.8 103.1,183 93.5,177 93.5,137.4 108.3,141 123.9,135 121.9,137.4 129.1,134.6 134.7,138.6 136.7,135.4 164.3,143 161.1,145.4 168.7,146.2 175.1,145 179.5,147.4 180.7,144.6 185.9,142.6 178.7,143.4 179.5,142.2 185.9,141 187.1,143 195.5,146.2 204.7,145.4 204.7,143.4 207.9,142.6 203.1,140.2 207.1,135.8 212.7,141.4 209.1,142.6 211.9,144.2 211.5,147.8 213.5,144.6 217.9,142.2 215.5,137.4 210.7,134.2 213.9,126.2 212.3,117.8 217.5,115.4 226.7,116.6 222.3,122.6 217.9,122.2 216.7,127 223.1,134.6 220.7,137 222.7,138.6 227.1,138.2 233.5,143.8 234.7,148.6 239.5,141.8 239.5,136.6 250.3,139.4 247.9,143.8 250.7,147.4 243.5,154.6 236.3,151.8 235.5,157 225.1,164.6 215.9,175.4 215.1,182.6 219.1,183.8 221.1,189.8 225.9,189 241.1,197 247.9,197 247.9,205.4 253.5,210.6 257.9,207 254.3,198.6 262.3,193.8 261.1,186.2 257.5,183.4 261.5,178.6 259.1,168.6 273.5,170.6 281.1,175.4 282.7,183 286.3,185.4 291.1,183 294.3,176.2 305.9,195.8 313.5,199 317.9,207 307.1,214.2 289.1,214.2 278.7,224.2 289.9,217.8 295.1,218.6 293.9,227 301.1,229.4 304.7,225 305.9,229 291.9,236.6 289.9,233.8 294.7,229.4 238.7,155.8 235.5,163.8 240.7,165.8 245.5,161.8 251.1,164.2 252.3,163 199.9,117.4 208.3,116.6 209.9,127 204.3,129.8 194.3,122.2 201.1,122.2 233.9,98.2 228.7,102.6 256.3,103.4 256.3,99 268.7,89.8 265.9,87 278.3,83.8 303.1,68.2 269.1,62.2 247.5,65.8 245.9,69.4 241.1,66.6 222.3,73 238.3,79.8 253.1,79 235.9,81.4 244.3,89.4 236.7,89.4 233.9,94.2 240.3,96.2 232.7,96.2 219.9,74.6 230.7,82.6 240.3,87 230.3,93.8 222.3,93.4 210.3,83  
CD 540.7,367.8 539.9,366.2 539.9,365 541.9,362.2 541.9,358.6 546.3,353 544.7,352.2 545.1,349.4 535.9,345.4 524.3,345.8 523.1,347.8 517.5,347 515.5,345 512.7,347.4 512.7,349.4 512.7,350.6 510.3,360.6 506.3,364.6 506.3,367.8 505.5,369 502.7,371.4 501.9,371.4 501.9,370.2 499.9,370.6 499.1,371.4 498.3,371 496.7,372.2 496.7,373.8 495.9,373.8 496.7,374.6 497.9,374.2 507.5,374.2 509.9,379.8 514.7,379.8 515.1,377 517.9,377 517.9,377.8 521.1,377.8 522.3,388.6 527.1,387.8 527.9,387.8 528.3,389 530.3,388.6 530.7,389.4 534.7,390.6 535.1,389.4 540.7,394.2 542.3,394.2 542.3,391 540.3,391.4 538.3,389 539.1,387 538.7,383.4 539.9,381.4 544.3,380.2 541.1,375 540.3,371.8 
CF 512.7,349.4 512.7,347.4 515.5,345 517.5,347 523.1,347.8 524.3,345.8 535.9,345.4 524.3,329.8 512.7,337.4 504.7,338.6 501.9,343 506.3,353 507.5,349.4  
CG 506.3,353 507.5,349.4 512.7,349.4 512.7,350.6 510.3,360.6 506.3,364.6 506.3,367.8 505.5,369 502.7,371.4 501.9,371.4 501.9,370.2 499.9,370.6 499.1,371.4 498.3,371 497.5,370.2 495.5,372.2 493.1,369 494.3,367.8 495.1,368.6 494.3,365 496.7,364.6 496.7,363.8 497.5,363.4 498.3,365 501.1,365 501.9,360.2 500.3,359.4 501.9,355.4 498.7,355.4 498.7,353 502.3,353 506.3,354.6  
CH 483.9,223.8 482.3,224.2 479.9,228.2 481.9,227.4 482.3,229 484.7,229 485.9,227.4 487.5,229.4 488.7,227.4 490.7,228.2 491.5,226.2 489.1,225 489.5,223.8
CI 456.7,345.4 455.5,341.4 457.5,337 456.7,334.2 454.7,332.2 452.7,333.4 449.5,331.4 447.9,332.2 447.5,331 445.5,332.2 443.1,331.8 441.9,339 441.5,341.4 444.3,343.8 443.9,347.4 449.1,345.4 454.3,345
CL 284.3,510.6 280.3,509.4 275.1,509.4 273.9,504.6 271.9,505 271.1,500.2 276.3,486.6 274.7,476.6 276.3,466.6 277.9,465 279.9,449.4 278.7,443.4 283.9,430.6 283.9,425 287.1,423 287.5,419.8 285.5,419.8 281.5,405 279.1,407.4 279.9,416.2 275.9,440.6 276.3,447.4 271.9,460.6 270.3,461.4 271.5,467.8 269.9,473.4 270.3,475 269.5,475.4 268.3,480.2 270.3,481 271.5,475 273.1,475 270.7,485.4 269.9,481.8 268.3,483.4 267.9,487.8 265.1,491.4 268.7,491.8 267.5,495 265.5,495.8 265.9,505 267.1,503.8 266.3,507.8 269.1,507.8 266.7,508.6 271.5,513 267.5,511.8 273.9,518.2 282.3,521 292.7,519.8 292.7,519 289.9,518.2 284.7,514.2 283.1,511 281.5,511 279.1,513 279.1,514.2 281.9,514.2 279.9,515.4 280.3,516.6 282.7,518.2 279.5,517 278.7,515 277.5,516.6 274.3,515 277.1,515.8 278.3,512.2 281.9,510.2 
CM 489.5,353 502.3,353 506.3,354.6 506.3,353 501.9,343 504.7,338.6 500.7,333 501.5,332.2 504.7,332.2 503.5,329.4 503.9,327 501.9,324.2 501.1,324.2 501.1,326.2 501.9,326.2 502.3,328.2 500.7,329 493.9,341.8 491.5,340.2 486.3,346.2 490.3,350.2  
CN 694.7,218.2 693.5,218.6 689.1,221 689.1,225 681.9,225 679.5,231.4 674.7,232.2 674.7,241 669.1,244.6 665.9,245 664.3,246.6 660.7,246.6 658.3,247.8 657.9,249.4 657.5,249.4 658.3,252.2 660.3,252.6 660.7,256.6 663.5,258.2 663.9,260.6 668.3,261.8 671.5,265 670.7,265.8 673.1,269.8 671.5,271 670.7,270.2 669.9,270.6 671.1,273.8 676.7,277 679.5,277 689.5,283 695.5,283.8 697.1,283 697.1,286.2 700.3,282.6 704.7,284.2 707.5,283.4 712.7,279.8 714.7,280.2 716.3,279.4 719.5,282.6 720.7,281.8 723.1,284.6 723.1,289.4 720.3,292.6 720.3,294.6 723.5,294.2 723.9,297 725.5,297.4 724.3,299.8 726.7,300.2 727.1,301.8 729.5,301.4 729.9,302.2 731.1,302.6 730.7,299.4 731.1,299 732.3,299 733.1,298.2 734.7,299 740.7,296.6 744.3,298.2 744.3,300.2 747.5,301.8 749.1,301 752.7,301.8 751.9,303 753.1,305 754.3,304.2 753.5,303 762.3,299.4 762.3,297.8 763.1,298.6 764.3,298.6 770.7,296.6 777.9,289.4 784.7,278.2 781.1,277 784.3,275 783.5,271.8 781.9,270.2 779.9,265 777.1,263.4 784.3,257 785.5,257.4 785.9,255.8 784.7,255.4 783.5,255.8 781.5,254.2 777.9,256.6 776.3,255.4 776.3,253.4 773.5,253.4 773.5,250.6 776.3,250.6 777.1,249.8 782.3,245 785.1,246.2 783.1,249 783.5,250.6 782.3,251.4 782.3,251.8 788.7,248.2 790.7,248.2 797.5,242.2 800.3,243.8 800.7,241.8 804.7,240.2 805.5,238.6 807.1,240.6 807.1,239 808.3,238.6 808.3,232.6 810.3,231 813.5,232.2 817.9,221.4 807.9,223.4 805.1,217.8 799.1,216.2 794.7,205.8 787.9,203 781.5,203.8 779.1,205.8 779.1,206.6 781.1,206.6 781.1,208.6 773.5,217 770.3,215.8 767.5,221.8 768.3,223.4 775.5,222.2 779.1,225.8 778.3,227 772.3,227 762.7,232.6 758.3,231.8 756.7,234.2 757.9,236.2 751.5,240.2 745.5,240.6 739.9,243 728.7,239.4 717.5,239.4 713.9,234.2 708.7,232.2 702.7,231.4 701.9,230.2 703.1,228.6 700.7,222.6 695.1,220.2 754.5,305.35 751,305.95 749.3,307.575 749.5,309.65 751.825,310.6 754.15,309.025 755.5,306.35 
CO 259.5,339.8 261.1,337.8 260.7,335.8 262.3,336.6 267.1,329.4 271.5,329 275.9,325.8 277.1,327 275.1,328.2 271.1,334.6 275.9,340.2 279.9,340.2 281.5,342.6 286.7,342.2 285.5,347 287.1,349.8 285.9,351 287.5,352.6 288.3,355.8 286.7,353.4 285.5,354.2 280.3,354.2 280.3,355.8 281.9,355.8 281.9,357 279.9,357 279.9,359.4 281.9,362.2 280.3,369.8 278.3,368.6 279.9,365.8 275.5,364.6 271.9,365 270.3,361.8 266.3,359 257.1,355 261.1,349 260.3,347.8 260.7,341 
CR 244.3,330.2 243.5,330.6 241.1,329.4 239.1,329 238.7,329.4 238.3,331.8 240.3,333.4 241.5,333 245.9,337 246.7,333.4 
CU 242.3,299 247.9,296.6 257.5,298.6 269.1,305 259.9,305.8 261.1,303.8 248.3,298.2 241.9,300.6 245.9,300.2 245.5,301.4 247.1,301.4 
CY 554.767,260.85 552.45,261.85 550.417,261.733 550.067,262.55 548.833,262.733 550.55,264.25 553.233,262.867 553.133,262.033 
CZ 513.5,217 508.7,219.8 503.5,218.6 502.7,220.2 500.3,219.8 496.3,214.6 503.1,212.2 512.7,215.8 
DE 482.3,203.8 482.7,202.6 487.1,201.8 486.7,198.2 489.1,198.2 490.7,199.8 493.1,199.8 492.7,201.4 498.3,199.8 501.1,201.8 501.9,204.6 501.1,205.4 502.3,206.6 503.1,212.2 496.3,214.6 500.3,219.8 497.5,221.8 497.9,223.8 483.9,223.8 485.5,219 480.7,217.4 481.1,216.2 479.9,215 480.7,214.2 479.9,212.6 478.7,212.6 480.3,210.2 479.5,209 481.9,208.6 482.7,204.2
DJ 577.1,325.4 575.1,325.8 573.9,327.8 573.9,329.8 576.7,329.8 577.5,328.6 576.3,328.2 577.9,327  
DK 486.7,198.2 489.1,198.2 489.5,195.8 491.5,197.8 492.3,196.2 490.7,195.4 489.9,195.8 489.9,195.4 492.7,192.2 491.1,191.8 491.5,187.4 488.7,189.8 486.7,189.8 485.1,192.2 485.1,195.8 486.7,196.2 496.7,193.8 495.1,194.2 495.1,195 494.3,194.2 493.1,195.4 493.5,197 495.9,197.8 495.9,197 496.7,196.6 495.9,195.8 497.1,195.4 493.1,197.8 492.7,198.6 494.3,199.4 495.5,199 496.3,197.8 494.7,197.8 494.3,198.2 
DM 302.45,317.35 303.062,317.712 303.038,318.425 302.762,318.525 
DO 275.5,306.2 275.5,310.6 276.3,311.8 278.7,309.8 283.9,310.2 284.7,309.4 277.9,305.8
DZ 486.3,257.4 485.9,262.6 483.5,266.6 487.9,271.8 488.7,277 488.7,288.6 495.5,295.8 483.1,303.4 479.5,307.4 475.1,308.2 472.3,308.2 466.7,302.6 450.685,291.781 441.1,285.4 441.1,284.2 441.1,281.4 453.9,274.2 453.9,272.6 460.7,271.4 458.3,263 471.9,257.4  
EC 266.3,359 257.1,355 251.5,361.4 251.5,364.6 254.3,366.6 253.1,367.8 252.7,370.6 255.1,370.6 256.3,372.2 259.1,366.6 262.7,365.4 266.3,361.4  
EE 523.1,182.6 521.9,183 523.1,183.8 521.5,184.6 521.9,187 525.1,184.2 523.5,183.8 524.3,183 527.9,187 530.3,186.2 533.5,188.2 534.7,187.8 535.5,188.2 536.7,187 535.9,183.4 537.5,181 531.5,180.2 525.5,181.8 526.3,185.4 528.3,185.4 
EG 553.9,273.8 555.9,279 553.9,283.8 549.1,277.8 557.5,297 553.1,301 551.1,300.2 529.9,300.2 529.9,273 531.847,272.977 540.3,275.4 545.5,273.4 550.7,274.6  
EH 441.1,285.4 441.1,284.2 429.5,284.2 427.9,287.4 425.9,288.6 424.7,292.6 419.5,300.6 419.5,302.2 429.5,302.2 429.5,297.4 432.3,296.2 432.3,289 441.1,289 
ER 565.1,311 561.1,313.8 559.9,321 562.7,321.4 563.5,319.4 565.1,320.6 569.5,320.6 575.1,325.8 577.1,325.4 571.9,319.8 569.5,319 568.7,317.8 568.3,318.2 567.1,316.2 565.9,312.2 
ES 471.9,240.2 472.3,242.2 465.5,246.2 463.1,249.8 458.009,257.973 449.9,259.4 449.5,259.8 445.9,256.6 444.3,256.6 444.7,249.4 447.5,243 440.7,241.4 439.5,238.6 443.5,235.8 459.5,237.4 467.9,239.8 467.9,240.2 468.7,239.8 472.133,247.85 473.083,248.6 472.067,250.167 470.017,249.017 473.967,247.767 474.833,247.45 475.283,248.367 467.133,251 467.967,250.4 468.233,250.7 467.533,251.317 
ET 558.3,346.6 557.9,344.6 550.7,338.2 551.1,336.6 553.1,336.6 554.3,330.2 555.5,330.6 559.9,321 562.7,321.4 563.5,319.4 565.1,320.6 569.5,320.6 575.1,325.8 573.9,327.8 573.9,329.8 576.7,329.8 575.9,330.6 579.1,334.6 587.1,337.8 589.9,337.8 582.3,345.8 579.5,345.8 573.9,348.2 571.9,348.2 571.1,347.4 567.9,349.8 563.9,349.4 560.7,347  
FI 527.1,155 525.9,145.4 518.3,140.6 519.9,139 523.9,142.2 527.1,141.4 529.5,142.6 533.5,136.2 537.1,135.8 540.3,137.4 541.1,138.2 539.9,140.2 538.3,141.4 539.5,141.4 538.7,142.6 539.5,144.6 542.7,146.6 540.3,149.8 543.1,155.4 542.3,155.8 541.9,158.2 544.3,162.2 542.7,163.8 547.1,167 545.9,169 537.1,176.6 524.7,179.4 519.9,176.6 520.7,172.6 519.5,167.8 528.7,159 530.7,158.6 530.3,156.2 
FJ 931.816,404.53 929.248,406.404 931.784,407.422 933.415,406.662 932.769,403.222 933.448,403.884 937.356,403.368 936.226,401.558  
FR 459.5,237.4 467.9,239.8 468.7,239.8 471.9,240.2 472.3,237.8 475.1,237 480.3,238.2 482.467,236.845 483.5,236.2 483.9,234.6 481.9,234.2 482.3,233 481.5,231.8 482.7,230.6 481.9,227.4 479.9,228.2 482.3,224.2 483.9,223.8 485.5,219 480.7,217.4 479.1,217 478.3,217 470.7,211.8 467.9,212.6 467.9,215 463.5,217.8 461.1,217.4 460.7,216.6 459.1,216.6 459.9,220.2 456.7,220.2 455.5,219.4 451.5,220.2 452.7,223 457.5,223.8 461.1,230.2 460.7,234.2 488.788,238.25 489.05,241.162 488.112,243.438 486.6,241.8 486.662,239.988 488.35,239.212  
FK 311.9,507 304.7,507 305.1,509 303.5,509 304.7,510.2 308.3,507.4 306.7,510.6 312.3,508.2  
GA 493.1,369 494.3,367.8 495.1,368.6 494.3,365 496.7,364.6 496.7,363.8 497.5,363.4 498.3,365 501.1,365 501.9,360.2 500.3,359.4 501.9,355.4 498.7,355.4 498.7,353 493.9,353 493.9,356.2 489.1,356.2 488.7,358.6 487.1,361 488.3,363.8 
GB 464.7,213 467.5,211.4 467.5,210.6 465.3,210.6 468.3,208.2 468.7,206.2 467.1,205 465.1,205 464.7,205.8 463.9,205.4 464.7,204.6 462.7,199.8 460.7,199 459.5,195.4 455.9,193.8 459.1,187.8 453.5,187.8 455.9,184.2 450.7,184.2 448.3,188.6 447.5,193 451.5,195.8 450.7,198.6 454.7,198.2 456.3,203.8 453.1,203.8 452.3,203.4 451.9,203.8 452.3,204.6 451.5,205.8 453.1,205.4 453.1,207.8 450.3,208.6 450.7,209.8 455.5,210.6 457.117,209.617 455.9,211 452.7,211.4 449.5,215 450.3,215.4 451.5,214.2 453.1,214.2 454.3,214.6 455.1,213.4 456.7,213 460.7,213.4 461.9,212.6 445.1,197.4 442.7,199.8 444.7,201 445.5,199.8 447.5,201.4 449.9,199.8 447.9,196.6  
GD 301.862,326.412 302.25,326.75 301.638,327.112  
GE 573.1,243 575.9,243 578.3,244.2 582.3,243.8 583.1,243.4 586.3,244.6 586.7,243.8 585.5,242.6 585.9,241.8 583.9,241 584.3,240.2 569.5,236.6 569.1,237.4 572.7,239.4 573.5,242.6 
GF 322.3,343.4 320.7,345.8 322.3,349.4 320.7,352.6 324.7,353 328.3,347.8 325.5,345 
GH 467.1,342.6 465.5,341 465.1,331.8 463.5,330.533 464.3,329.4 463.5,329.367 462.7,329.8 456.7,329.8 456.7,334.2 457.5,337 455.5,341.4 456.7,345.4 458.7,346.2  
GI 449.9,259.4 450.058,259.642 449.831,259.691 
GL 287.5,80.6 293.5,83.4 272.7,93 285.1,98.6 277.5,99.8 285.9,106.2 300.7,104.2 315.273,112.971 319.433,121.2 318.433,128.933 324.267,127.033 330.3,133 320.719,132.119 323.1,139 330.7,137 322.7,147 335.1,173 349.1,178.6 359.1,157.4 371.1,153.8 379.1,143.4 405.1,135.8 404.7,120.2 413.5,113.8 411.5,87.8 432.3,73 419.5,70.6 404.7,74.6 406.3,67.4 376.7,59 335.1,64.6 338.7,69.4 327.5,66.2 328.7,69.8 317.9,68.2 301.1,72.2 301.5,76.2 297.5,75.8 
GM 419.9,324.2 424.3,323 426.7,323.8 427.9,323.4 424.7,322.2 420.3,323  
GN 429.1,335 431.5,332.6 434.7,332.6 436.3,335.8 435.9,336.6 437.1,336.2 438.7,336.6 439.1,339 440.3,339.8 441.1,338.6 441.9,339 443.1,331.8 439.5,326.6 434.3,327.4 433.9,325.8 427.9,325.4 427.9,327.8 425.1,328.6 424.7,329.8  
GP 301.675,315.425 302.288,315.525 302.55,314.95 303.262,315.738 302.288,315.95 301.85,316.562 
GQ 489.1,356.2 493.9,356.2 493.9,353 489.5,353 488.7,355.8 487.5,349 486.7,350.2 485.9,349.8 486.7,349 
GR 517.1,249.4 519.1,246.2 519.1,245.4 524.3,243.8 528.3,243 530.3,244.2 532.7,243.8 533.1,242.6 532.7,245.8 529.9,245 526.3,245.8 527.1,247 525.1,247.4 523.9,246.6 523.1,247.8 528.3,253.8 527.1,253.8 527.1,255.4 525.9,254.2 524.7,254.6 525.9,255.8 524.7,256.2 523.5,255.4 524.7,259 523.5,257.8 523.1,259 521.9,257 521.5,257.8 520.7,256.6 521.1,256.2 519.5,254.2 521.1,253 524.3,254.2 524.7,253.8 521.5,253 519.5,253 525.9,261.4 525.9,262.2 529.52,263.039 533.1,263 533.1,262.2  
GT 230.3,316.6 229.9,316.6 229.9,311.4 225.1,311.4 225.1,313 223.9,313 226.3,316.2 223.1,316.2 221.5,320.2 224.3,321.8 227.1,322.2 229.1,320.6 232.3,317 
GW 424.7,329.8 425.1,328.6 427.9,327.8 427.9,325.4 423.9,325.4 419.9,326.2 422.3,327.8 423.5,327.8 423.1,328.6 
GY 307.1,336.6 304.3,339 305.5,340.2 302.7,343 304.7,345 306.3,345.4 307.1,353.8 309.5,355.4 315.5,353.8 311.5,347.8 313.9,343.4 
HK 763.1,298.6 764.3,298.6 763.9,299.4 
HM 656.3,512.6 657.9,513 656.7,513.4 
HN 229.1,320.6 233.5,322.2 233.1,323.8 234.7,324.6 241.1,319.4 245.5,319 242.3,316.6 232.3,317 
HR 513.5,229.4 510.7,229.4 507.1,227 505.1,228.6 504.3,230.6 499.9,230.6 500.3,232.6 512.3,240.2 505.1,232.6 505.5,231.4 514.3,232.2  
HT 275.5,306.2 275.5,310.6 268.7,310.2 268.7,309.4 273.9,309.4 273.1,307.4 271.1,306.6 272.7,305.8  
HU 522.3,221 523.9,222.2 522.3,223 519.5,228.2 515.1,228.2 513.5,229.4 510.7,229.4 507.1,227 506.7,225.8 508.7,223 508.7,222.2 510.3,223 513.5,222.6 513.5,222.2 517.9,220.6
ID 713.9,344.2 719.9,345.4 721.9,348.2 736.3,358.2 735.5,360.6 738.3,361.8 739.5,365 741.5,365.4 742.3,367 741.5,374.2 737.5,373.4 732.3,369.4 725.9,359 724.3,358.2 723.5,354.6 718.3,349.4 717.1,349 739.9,364.2 741.9,363 743.1,365.4 744.3,365.8 743.9,367.4 742.3,366.2 741.9,364.6 746.7,365.8 746.3,367.4 747.9,367.4 748.3,366.2 742.3,374.6 740.7,377 743.5,377.4 743.1,378.2 764.7,382.2 764.3,379.8 760.7,379 759.9,377.8 763.5,377.4 755.1,376.2 753.9,377 749.1,376.6 748.3,375 773.5,348.2 767.9,347.8 764.7,355 762.3,355.8 759.1,355 758.3,356.2 754.3,356.6 751.9,353.8 749.9,356.2 751.5,362.2 752.3,361.8 753.5,366.6 757.5,366.6 757.5,368.2 764.7,368.2 764.7,369.8 768.7,368.6 773.5,356.2 776.3,356.2 772.3,350.6 791.9,354.2 793.1,355 790.7,357.8 780.3,357.8 779.1,360.6 781.9,362.6 783.1,361 787.9,360.6 783.1,364.6 787.5,371 786.7,373.8 785.5,372.6 786.3,370.6 783.9,371.8 783.1,371.4 781.9,366.2 779.5,367 780.7,373.8 777.5,373.4 777.9,368.2 775.9,367.8 779.5,357 781.9,355.8 789.9,357 764.7,380.6 766.7,380.2 767.9,381 766.7,382.2 769.1,380.6 770.3,381 769.5,382.2 768.3,381.8 771.1,381 770.7,383 774.7,381.8 773.1,380.2 776.3,380.6 776.7,381.8 775.1,382.2 778.3,381.8 780.3,380.6 785.1,381.8 792.3,380.2 792.7,381 783.5,382.2 791.9,382.6 792.3,383.8 788.7,386.6 787.9,385.8 789.1,383.8  780.3,386.2 781.1,385.4 778.7,383.4 776.3,383.8 795.1,367.4 797.5,367 798.3,368.6 797.1,369 800.3,366.6 805.9,366.6 807.9,369 802.3,367.4 801.1,368.2 801.5,352.2 800.7,352.886 798.7,354.6 799.5,359.8 801.1,361.4 799.9,358.6 799.9,357.4 801.9,358.2 801.9,357.8 800.3,357 801.9,355.8 801.9,354.6 799.5,357 799.5,356.2 800.3,354.6 799.9,354.2 799.1,362.6 798.7,363.4 800.3,363.4 790.7,363.4 795.9,363.8 790.7,364.2 807.9,362.2 811.9,359.8 815.9,360.6 817.1,365.8 818.3,367.4 819.9,367.8 825.9,363 834.3,365.8 834.3,382.6 831.1,380.2 825.5,381 826.7,378.6 828.7,378.2 826.3,373 814.7,368.2 813.9,369.8 811.1,366.2 815.5,365 811.1,364.6 810.3,363  817.1,373.4 816.3,375.4 816.3,376.6 817.9,375.4 809.5,377.8 808.3,379.4 808.3,380.2 809.5,378.6 
IE 447.5,201.4 445.5,199.8 444.7,201 442.7,199.8 445.1,197.4 445.5,196.6 442.3,197 440.7,199 441.9,199.4 441.1,200.2 437.5,200.2 437.5,203.4 439.5,204.6 436.7,207.8 438.3,210.2 447.1,207.8 448.3,205  
IL 556.3,268.6 557.5,268.2 557.5,269.8 557.1,274.6 555.9,279 553.9,273.8 555.1,272.2  
IN 643.1,295 650.7,293.4 649.5,289.8 648.7,289.8 648.3,287.4 647.1,287.4 646.7,286.2 649.1,283.4 649.9,284.2 652.7,283.4 659.9,274.6 659.9,272.6 661.9,271 660.3,270.6 657.9,265 659.1,263.8 663.1,264.6 668.3,261.8 671.5,265 670.7,265.8 673.1,269.8 671.5,271 670.7,270.2 669.9,270.6 671.1,273.8 676.7,277 673.9,280.6 682.7,285.4 684.7,285 686.3,285.4 686.3,286.2 688.3,287 695.1,287.8 695.5,283.8 697.1,283 697.1,286.2 699.9,287 705.9,286.6 705.5,285 704.7,285 704.7,284.2 707.5,283.4 712.7,279.8 714.7,280.2 716.3,279.4 719.5,282.6 719.5,283.8 718.3,285 719.1,286.2 717.5,285.4 713.9,287.4 711.1,295 709.1,294.6 708.7,299.4 707.1,300.2 706.3,295.4 704.3,297.8 703.5,295.4 706.7,291.8 699.9,291 699.5,288.6 696.3,287.8 695.5,289.4 697.5,291 695.1,293 697.1,293.8 697.9,300.6 692.7,301.4 692.3,303.8 674.3,318.2 675.1,323.8 673.5,328.2 673.5,331.8 672.3,331.8 671.5,334.2 669.5,335 669.1,337 667.5,337.8 665.1,335.4 664.3,332.6 657.1,316.6 654.7,306.2 655.5,304.2 654.3,299.8 653.1,302.6 649.9,303.8 645.1,299.4 648.3,298.6 648.3,297.8 646.7,298.2 
IQ 581.5,256.6 575.5,256.6 573.5,258.6 572.7,258.6 571.5,265 565.9,267.8 567.1,271.4 574.3,274.2 581.5,280.2 586.3,280.2 587.9,277.8 591.1,277.8 589.5,272.6 583.5,265.8 585.1,260.6 583.1,260.2  
IR 591.1,277.8 589.5,272.6 583.5,265.8 585.1,260.6 583.1,260.2 581.5,256.6 579.9,249.8 581.1,248.6 583.5,251 585.1,251.4 585.9,251.4 589.9,249 592.3,253 593.1,255.4 600.3,258.6 605.9,257.4 605.5,256.2 612.3,253 624.7,258.2 625.1,261.4 623.1,268.6 623.9,273.4 626.3,273.8 626.3,275.4 623.9,278.2 629.9,285.4 629.9,287.4 626.3,288.2 625.5,291.4 614.3,289.8 613.1,285.8 607.5,287.4 599.5,283.8 595.1,277  
IS 401.9,158.6 406.7,161.4 404.7,163.4 414.7,165.4 428.3,158.2 421.5,151.8 410.7,153.4 408.3,156.6 404.3,151.8 399.9,156.2 405.9,156.6  
IT 483.5,236.2 487.1,233.8 498.3,244.2 505.1,247.8 506.7,251.4 505.1,253.4 505.9,254.6 509.1,250.2 507.5,248.6 509.1,246.6 511.9,248.6 512.7,247.4 507.5,244.2 505.9,243 506.3,241.8 503.5,241.8 499.5,236.6 496.3,234.6 496.3,230.6 499.5,229.4 499.9,227 495.9,225.4 491.5,226.2 490.7,228.2 488.7,227.4 487.5,229.4 485.9,227.4 484.7,229 482.3,229 482.7,230.6 481.5,231.8 482.3,233 481.9,234.2 483.9,234.6 504.7,253.4 503.5,257.8 496.3,254.6 488.7,244.2 489.9,246.6 489.1,250.6 485.9,250.6 485.5,245.4  
JM 257.9,310.2 260.7,309.4 263.9,311 261.1,311.8  
JO 565.9,267.8 560.7,271 557.5,269.8 557.1,274.6 555.9,279 555.9,279.8 558.7,280.2 563.9,276.2 561.1,273.4 567.1,271.4 
JP 835.9,231 835.1,237.8 831.1,239.4 831.9,243 833.9,242.2 832.7,240.2 836.7,239.4 839.9,241.4 846.3,237.4 845.5,234.2 842.7,235.4 836.7,230.2 815.9,265 817.9,266.2 816.3,268.2 814.7,267.4 813.1,269.8 811.5,267.8 813.1,265.8 813.9,266.6 814.7,266.2 815.1,265.4 807.9,266.2 811.1,269 808.7,273.8 807.5,275 805.9,273.8 806.7,269.8 803.9,268.2 832.7,243.8 833.9,243.4 837.5,249.8 834.3,254.2 833.5,260.6 822.3,265 820.7,267.8 818.3,265.4 819.5,263.8 811.9,265.4 811.1,266.2 807.9,265.8 808.3,264.6 812.7,261.4 819.1,261 820.7,261.8 821.5,261 821.1,259.8 823.9,256.6 824.7,257.8 829.9,253.4 831.9,248.2 831.5,245.8 
KE 553.1,347.8 554.3,346.6 558.3,346.6 560.7,347 563.9,349.4 567.9,349.8 571.1,347.4 571.9,348.2 573.9,348.2 571.5,351.4 571.5,361 573.1,363 570.7,365.4 569.5,365.8 569.5,367.4 567.1,371 562.7,367.8 563.1,367 553.5,361.4 553.1,358.2 556.3,353.4  
KG 657.5,249.4 649.9,249.8 646.3,249.4 645.9,248.6 647.9,247.4 649.5,248.2 650.3,247.4 652.3,247.8 655.9,245.4 652.3,243.4 651.5,244.2 648.7,243 651.1,241.4 650.3,241 651.9,239 656.7,240.2 658.7,237.8 662.7,239 671.9,239 674.7,241 669.1,244.6 665.9,245 664.3,246.6 660.7,246.6 658.3,247.8 657.9,249.4  
KH 738.3,331.4 741.5,329.8 742.7,330.6 741.9,328.2 746.3,326.2 746.3,320.2 744.7,321 743.9,320.6 742.7,321 742.7,321.8 742.3,322.2 740.3,321 735.1,321 732.7,323.4 733.9,327.4 734.7,329 734.7,330.2 735.5,330.2 735.9,329.8 736.3,330.6 735.9,331 736.3,331.4 736.7,331 
KP 790.7,248.2 797.5,242.2 800.3,243.8 800.7,241.8 804.7,240.2 805.5,238.6 807.1,240.6 804.3,243 804.7,245.4 798.7,248.6 798.7,250.6 801.1,252.2 796.7,254.6 791.9,253.8 793.1,249.4 
KR 801.1,252.2 804.3,257.4 803.1,263 796.3,265 795.5,263 796.7,259.8 795.5,257.8 797.1,257 796.7,254.6 
KW 591.1,277.8 589.5,279.4 591.1,281.8 589.1,281.8 588.7,280.6 586.3,280.2 587.9,277.8 
KY 248.274,301.225 249.015,300.887 248.686,301.225  249.675,301.045 249.882,301.274 250.279,300.819  
KZ 611.1,243.8 609.9,244.2 606.7,240.6 603.5,241 601.9,242.6 601.5,241 602.7,239.8 600.3,239 597.5,234.6 595.9,234.2 595.9,233 598.7,233.4 597.9,232.2 599.1,231 602.7,230.6 603.5,226.6 598.3,225 593.1,227.4 586.3,220.6 589.1,213.8 591.1,216.2 592.3,215.4 591.9,213.4 597.5,209.4 601.5,209.4 610.3,213.4 617.5,211.4 620.7,213.8 625.1,212.6 625.5,210.6 621.5,208.6 624.3,207.4 623.5,205.8 624.7,205 626.7,205 627.1,204.6 624.7,203.8 624.7,201.8 646.3,196.6 649.9,196.6 651.1,201 657.1,201.8 657.1,203 665.5,200.2 674.3,212.6 676.7,211 679.9,213 683.1,211.8 690.3,217 691.9,216.6 693.5,218.6 689.1,221 689.1,225 681.9,225 679.5,231.4 674.7,232.2 674.7,241 671.9,239 662.7,239 658.7,237.8 656.7,240.2 651.9,239 650.3,241 645.1,243.8 643.9,245.8 641.9,244.2 639.5,244.2 638.7,241.8 637.5,241.8 637.5,238.6 636.7,239 634.3,236.2 626.7,237 624.3,234.2 617.9,230.2 611.1,232.2 
LA 729.5,301.4 726.7,304.6 727.9,305.4 727.9,307 729.9,307 729.1,312.2 729.5,312.6 732.3,310.6 733.5,311.8 735.5,309.8 739.1,313 739.1,315 741.5,317.4 741.1,319 741.1,320.6 740.3,321 742.3,322.2 742.7,321.8 742.7,321 743.9,320.6 744.7,321 746.3,320.2 746.7,318.6 745.5,317 746.3,316.6 739.9,309.8 740.3,309.4 737.1,307.4 739.9,305.4 737.5,303 736.3,303.8 734.3,302.2 734.3,301 732.3,299 731.1,299 730.7,299.4 731.1,302.6 729.9,302.2 
LB 558.3,264.2 559.1,264.2 559.9,265.4 557.5,268.2 556.3,268.6 
LC 303.888,321.475 303.538,322.288 303.988,322.45
LK 673.9,333 676.3,334.6 678.7,339 679.1,341 675.9,343.4 674.3,342.6 673.1,337.8 674.3,334.2 
LR 443.9,347.4 444.3,343.8 441.5,341.4 441.9,339 441.1,338.6 440.3,339.8 439.1,339 438.7,336.6 437.1,336.2 433.9,340.6 439.9,345.4  
LS 537.5,441.8 541.5,438.2 539.1,435.8 535.1,439 
LT 519.9,196.6 519.1,193.8 522.3,192.6 529.5,192.6 533.9,195.4 531.1,200.6 525.9,201.8 523.5,199.8 523.5,197.4 
LU 479.1,215.8 479.1,217 480.7,217.4 481.1,216.2 479.9,215 
LV 519.1,193.8 522.3,192.6 529.5,192.6 533.9,195.4 537.9,193.4 537.1,189 534.7,187.8 533.5,188.2 530.3,186.2 527.9,187 527.9,189.4 525.9,190.6 523.1,187.4 519.9,189.4  
LY 529.9,273 529.9,300.2 529.9,305.8 527.1,305.8 527.1,307 505.9,296.2 503.503,297.39 501.5,298.6 499.5,297 495.5,295.8 488.7,288.6 488.7,277 491.1,275.4 490.3,273.4 494.3,270.6 494.3,268.6 503.9,271 505.1,273.4 514.3,277 517.1,274.2 516.3,272.6 521.1,269 524.7,270.2 525.1,271.4 529.5,272.2  
MA 458.3,263 460.7,271.4 453.9,272.6 453.9,274.2 441.1,281.4 441.1,284.2 429.5,284.2 437.5,279.4 438.3,273.4 441.5,268.6 445.9,266.2 448.3,261 449.9,260.6 450.7,262.2  
MC 482.3,237 482.488,236.875 482.475,237.025  
MD 534.3,221 538.3,226.6 537.5,228.2 538.7,231.4 541.9,231 543.9,228.2 542.7,227 540.3,222.2 536.3,220.6
ME 517.5,238.6 516.7,239.8 514.7,242.2 512.3,240.2 514.3,237 
MG 582.7,427.4 587.5,425.8 596.7,399.4 593.5,390.2 587.5,399 580.7,401.8 579.1,405 580.7,411.8 577.9,416.6 578.7,421.8 580.3,426.2  
MK 522.7,240.6 523.9,241.8 524.3,243.8 519.1,245.4 517.9,244.2 518.3,241.8  
ML 450.7,291.8 446.7,291.8 449.1,315 449.9,315.8 449.5,317.8 435.9,317.8 435.1,319 433.5,317.4 431.9,320.2 433.903,325.791 434.3,327.4 439.5,326.6 443.1,331.8 445.5,332.2 447.5,331 447.9,332.2 449.5,331.4 449.9,327.8 456.3,321.8 458.3,321.4 458.7,320.6 461.5,319.4 464.525,319.4 466.5,319.4 467.5,318.2 473.1,318.2 475.1,315.4 475.1,308.2 472.3,308.2 466.7,302.6  
MM 705.9,303 707.1,302.2 707.1,300.2 708.7,299.4 709.1,294.6 711.1,295 713.9,287.4 717.5,285.4 719.1,286.2 718.3,285 719.5,283.8 719.5,282.6 720.7,281.8 723.1,284.6 723.1,289.4 720.3,292.6 720.3,294.6 723.5,294.2 723.9,297 725.5,297.4 724.3,299.8 726.7,300.2 727.1,301.8 729.5,301.4 726.7,304.6 721.5,306.6 719.9,309.8 720.7,311.8 723.5,315.4 722.7,316.6 722.7,318.2 721.9,318.6 722.7,321 724.7,322.6 724.3,324.2 725.5,327.8 722.7,332.6 722.7,330.2 723.1,328.2 723.1,325.8 718.7,313 717.9,315 714.7,317.4 711.5,316.2 712.3,312.2 710.7,308.6 709.5,307.4 709.9,306.6 707.9,305.4  
MN 694.7,218.2 695.1,220.2 700.7,222.6 703.1,228.6 701.9,230.2 702.7,231.4 708.7,232.2 713.9,234.2 717.5,239.4 728.7,239.4 739.9,243 745.5,240.6 751.5,240.2 757.9,236.2 756.7,234.2 758.3,231.8 762.7,232.6 772.3,227 778.3,227 779.1,225.8 775.5,222.2 768.3,223.4 767.5,221.8 770.3,215.8 763.9,214.6 754.7,218.2 740.3,213.8 736.3,215 732.7,213.4 732.3,210.6 723.9,208.2 720.7,212.2 721.9,213.8 721.1,215.4 719.5,216.2 712.7,215.4 711.5,213.4 706.3,212.6  
MQ 303.162,319.475 304.012,319.75 304.125,320.662 303.512,320.488  
MR 419.5,302.2 429.5,302.2 429.5,297.4 432.3,296.2 432.3,289 441.1,289 441.1,285.4 450.7,291.8 446.7,291.8 449.1,315 449.9,315.8 449.5,317.8 435.9,317.8 435.1,319 433.5,317.4 431.9,320.2 426.3,314.6 420.7,315.8 421.9,311.8 420.7,307.4 421.5,305  
MS 300.4,314.262 300.712,314.2 300.625,314.55  
MT 501.388,259.725 502.325,260.35 501.825,260.6  
MW 550.3,383 553.5,384.2 555.9,389.4 555.5,395 558.3,397.4 557.9,401.4 556.3,402.6 556.7,404.2 553.9,400.6 554.7,399 554.3,397 552.3,397.4 551.1,395.8 552.3,386.6  
MX 208.7,289 203.9,287.8 197.5,278.2 195.1,277.8 193.1,280.6 184.3,272.6 179.9,272.6 179.9,273.8 172.3,273.8 162.7,270.2 156.3,270.2 159.9,278.2 164.7,282.2 163.9,284.2 161.5,283.8 169.1,289 169.1,292.2 175.5,297.4 176.7,296.2 162.7,276.6 162.7,272.2 166.3,273.8 169.1,280.6 187.5,301.4 186.7,304.6 191.9,310.2 210.3,317.4 213.9,315.8 216.3,316.2 221.5,320.2 223.1,316.2 226.3,316.2 223.9,313 225.1,313 225.1,311.4 229.9,311.4 231.9,309.4 233.5,309.8 235.5,301 226.7,302.6 225.5,307.4 222.7,309.4 215.5,310.6 214.3,309 212.3,309 206.7,299.4  
MY 727.1,342.2 727.5,341.8 729.5,342.6 729.5,344.2 731.5,343.8 732.3,342.6 735.5,345.8 735.5,351.4 736.3,352.2 737.9,355 736.3,355 735.9,355.4 729.9,351.4 729.9,350.2 728.3,348.6 751.9,353.8 754.3,356.6 758.3,356.2 759.1,355 762.3,355.8 764.7,355 767.9,347.8 773.5,348.2 775.5,347.4 774.3,345.8 777.1,345 771.1,340.2 766.3,345.8 767.1,347.4 765.5,346.2 765.5,347.8 765.1,348.2 763.9,347 760.7,350.6 756.7,351.8 755.5,355 
MZ 570.3,386.6 562.3,389.4 555.9,389.4 555.5,395 558.3,397.4 557.9,401.4 556.3,402.6 556.7,404.2 553.9,400.6 554.7,399 554.3,397 552.3,397.4 551.1,395.8 543.5,398.6 543.9,400.2 543.9,401 550.3,403 550.3,412.6 546.3,418.6 547.9,428.6 548.3,431 550.3,431 550.3,429 549.5,428.6 557.5,422.6 557.1,417.8 555.1,413 561.5,405.8 568.7,402.2 571.1,397.8  
NA 516.3,425.4 516.3,417.4 519.1,417.4 519.1,407.4 525.1,406.6 525.9,407.8 529.9,405.8 527.9,405 525.5,405.8 518.7,406.6 513.9,406.2 512.3,405 500.7,405 498.3,403.8 494.7,404.6 501.9,420.2 503.1,429.8 507.1,436.2 508.7,434.2 509.9,436.2 514.7,437 516.3,435.4  
NC 894.5,412.4 898.3,414.4 902.5,418.5 897.4,415.8  
NE 473.5,327.8 471.1,325.8 470.3,327.4 464.45,319.4 466.533,319.4 467.5,318.2 473.1,318.2 475.1,315.4 475.1,308.2 479.5,307.4 483.1,303.4 495.5,295.8 499.5,297 501.5,298.6 503.5,297.4 505.9,304.6 504.7,313.8 499.5,320.6 499.5,322.6 496.7,324.2 492.3,323.4 489.1,325 484.7,323.4 482.3,324.6 475.9,322.2  
NG 486.3,346.2 491.5,340.2 493.9,341.8 500.7,329 502.3,328.2 501.9,326.2 501.1,326.2 501.1,324.2 499.5,322.6 496.7,324.2 492.3,323.4 489.1,325 484.7,323.4 482.3,324.6 475.9,322.2 473.5,327.8 473.1,328.6 473.9,331.4 471.9,335 471.1,335 471.1,341.8 475.5,341.8 479.9,347.4  
NI 234.7,324.6 241.1,319.4 245.5,319 243.5,328.6 244.3,330.2 243.5,330.6 241.1,329.4 241.1,329 239.9,327.4 238.3,327 239.1,329 238.7,329.4 233.9,325 
NL 479.5,211.4 480.3,210.2 479.5,209 481.9,208.6 482.7,204.2 481.9,203.4 478.7,203.8 476.7,205 475.9,207.4 472.7,210.6 477.1,210.2  
NO 493.1,182.6 494.7,182.6 495.1,179.4 496.7,178.6 496.3,175 497.9,173.4 495.9,171.8 495.5,165.8 497.9,162.2 500.7,162.6 501.1,160.6 499.9,160.2 501.9,153.4 503.5,153.4 506.7,149.4 506.3,147.8 509.5,145 510.7,145.4 511.5,143 516.3,143.8 516.7,140.6 518.3,140.6 519.9,139 523.9,142.2 527.1,141.4 529.5,142.6 533.5,136.2 537.1,135.8 540.3,137.4 541.1,138.2 539.9,140.2 545.1,137 539.5,135.4 543.1,135.8 545.5,134.2 539.5,131.8 537.5,133.4 538.7,131.4 535.5,131.4 533.5,134.2 533.9,131.4 529.9,135 531.9,131 528.7,131.4 524.7,135.8 524.3,134.6 513.5,136.2 488.3,164.6 477.9,170.2 476.7,174.6 478.7,184.6 482.7,186.6 485.5,186.2 491.9,181 
NP 695.5,283.8 695.1,287.8 688.3,287 686.3,286.2 686.3,285.4 684.7,285 682.7,285.4 673.9,280.6 676.7,277 679.5,277 689.5,283  
NZ 917.9,453 923.1,463 922.3,466.6 920.3,467.8 924.3,470.6 923.1,473.8 924.7,475 933.1,463 929.9,463.4 925.9,462.2 917.5,471.4 918.7,473.8 921.9,473.4 921.5,475.8 917.5,481 918.3,482.2 913.9,483.4 909.5,491 901.1,489.4 902.3,486.6 912.7,479 914.3,475.4 915.9,474.2 915.9,472.6  
OM 611.5,289 611.9,288.2 612.3,288.2 611.9,290.2 611.9,292.2 610.7,292.2 610.7,294.6 609.9,294.6 608.7,298.6 610.3,300.2 608.3,305.8 600.3,308.6 603.5,315 615.9,308.6 621.1,298.6  
PA 246.7,333.4 245.9,337 249.1,337.4 251.5,339.8 253.9,339 252.7,337 255.5,335 258.3,336.6 257.9,337.4 259.5,339.8 261.1,337.8 260.7,335.8 257.5,333.8 254.7,333.4 250.7,335.8 
PE 253.1,367.8 252.7,370.6 255.1,370.6 256.3,372.2 259.1,366.6 262.7,365.4 266.3,361.4 266.3,359 270.3,361.8 271.9,365 275.5,364.6 279.9,365.8 278.3,368.6 280.3,369.8 277.9,369.8 272.7,372.2 271.9,375.8 269.5,378.6 274.7,385.4 278.7,383.8 278.7,387.8 281.5,387.8 283.5,391.8 281.9,399.8 280.3,399.4 280.3,401 282.3,401.8 282.7,403 281.5,405 279.1,407.4 263.5,395.8 263.9,394.6 253.9,376.6 250.7,373.8 250.7,369.8  
PG 834.3,382.6 834.3,365.8 845.9,370.6 846.7,373 851.1,374.6 852.3,376.6 849.9,376.6 854.3,383 855.9,382.6 859.9,386.6 851.9,385.8 846.7,379.8 843.5,378.6 838.7,383.8 852.7,373.4 857.5,375.8 863.5,373 863.9,370.2 861.9,370.2 862.3,371.8 859.9,373.4 865.5,371.8 865.9,369.4 860.3,365.8 864.7,369.4 870.3,373 873.9,376.2 872.7,377 870.7,374.6 
PH 781.4,309.233 784.8,310.3 785.133,315.167 782.6,318.433 784.6,321.7 790,322.633 789.733,325.167 784.133,322.167 781.4,322.7 778.667,315.633 780.467,316.033 780.133,323.1 782.733,323.233 782.667,326.633 787.333,327.3 787.8,325.633 789.667,327.1 788.133,326.567 784.133,327.433 787.867,328.433 784.533,330.967 785.4,332.9 788.067,329.833 787.733,333.433 789.733,329.367 789.6,331.433 787.067,334.767 790.267,325.767 792.8,325.367 794.2,329.9 792,328.5 790.6,329.5 792.733,332.367 790.267,331.833 788.867,333.9 790.867,332.967 777.733,328.5 778.467,331.167 771.667,336.967 777.2,330.633 793.7,331.8 793.35,334.95 789.6,337.15 788.55,335.8 784.85,337.75 784.3,340.65 786.1,338.5 786.7,339.5 788.9,337.9 790.35,339.25 789.65,342.15 793.4,343.95 793.9,341.75 793.1,340.85 794.5,339.1 795.25,342.2 796.55,338.35 783.75,341.4 785.3,341.25 784.55,341.9 
PK 625.5,291.4 626.3,288.2 629.9,287.4 629.9,285.4 623.9,278.2 627.9,279.4 632.3,279.4 638.3,277.8 638.3,275 643.1,272.6 644.7,273 645.9,272.2 646.7,269 648.7,268.2 647.5,266.2 649.9,266.2 650.7,265.4 650.3,264.6 652.3,262.6 651.1,259.8 652.3,258.6 655.5,257.4 658.3,257.8 660.7,256.6 663.5,258.2 663.9,260.6 668.3,261.8 663.1,264.6 659.1,263.8 657.9,265 660.3,270.6 661.9,271 659.9,272.6 659.9,274.6 652.7,283.4 649.9,284.2 649.1,283.4 646.7,286.2 647.1,287.4 648.3,287.4 648.7,289.8 649.5,289.8 650.7,293.4 643.1,295 641.5,295 638.7,290.6 
PL 501.1,201.8 512.3,198.6 513.5,200.2 523.5,199.8 525.9,201.8 526.7,206.2 525.1,207.8 525.9,208.2 525.9,209.8 527.1,213.8 523.5,217 523.9,218.6 523.1,218.6 513.5,217 512.7,215.8 503.1,212.2 502.3,206.6 501.1,205.4 501.9,204.6 
PR 287.5,309.8 287.5,311 291.1,311 291.5,309.8 
PT 440.7,241.4 447.5,243 444.7,249.4 444.3,256.6 440.3,257 440.7,252.6 439.1,252.2 441.1,244.2 
PY 299.5,418.2 301.9,411 308.7,410.2 311.5,412.2 311.5,417.8 317.5,418.2 318.7,423 321.5,423 320.7,427.4 319.9,430.6 317.5,432.6 309.9,432.2 312.7,427 304.7,422.6
QA 598.7,293.4 597.5,292.6 597.5,289.8 598.7,288.6 599.5,289.4 599.5,292.2
RO 523.9,222.2 522.3,223 519.5,228.2 517.1,228.2 523.5,234.6 524.3,235.8 531.5,236.2 535.5,235 539.1,236.2 540.3,232.6 541.5,232.6 541.9,231 538.7,231.4 537.5,228.2 538.3,226.6 534.3,221 529.5,223.4  
RS 517.1,228.2 523.5,234.6 522.7,235.8 524.3,237.8 522.7,240.6 518.3,241.8 516.7,239.8 517.5,238.6 514.3,237 514.3,232.2 513.5,229.4 515.1,228.2  
RU 513.5,200.2 519.9,196.6 523.5,197.4 523.5,199.8 537.5,181 535.9,183.4 536.7,187 535.5,188.2 537.1,189 537.9,193.4 545.1,195.4 545.1,198.6 549.9,203.4 546.7,204.2 547.5,208.2 552.7,207 553.9,211 555.9,211 557.5,214.2 560.3,214.6 562.3,213.8 569.1,217 568.3,222.6 565.1,223 564.3,225 567.5,225.4 563.1,227 564.7,228.2 561.9,231 560.3,230.6 559.9,231.4 569.1,237.4 569.5,236.6 584.3,240.2 583.9,241 585.9,241.8 589.9,244.2 591.5,242.2 586.7,233.8 589.1,229.8 591.9,229 593.1,227.4 586.3,220.6 589.1,213.8 591.1,216.2 592.3,215.4 591.9,213.4 597.5,209.4 601.5,209.4 610.3,213.4 617.5,211.4 620.7,213.8 625.1,212.6 625.5,210.6 621.5,208.6 624.3,207.4 623.5,205.8 624.7,205 626.7,205 627.1,204.6 624.7,203.8 624.7,201.8 646.3,196.6 649.9,196.6 651.1,201 657.1,201.8 657.1,203 665.5,200.2 674.3,212.6 676.7,211 679.9,213 683.1,211.8 690.3,217 691.9,216.6 693.5,218.6 694.7,218.2 706.3,212.6 711.5,213.4 712.7,215.4 719.5,216.2 721.1,215.4 721.9,213.8 720.7,212.2 723.9,208.2 732.3,210.6 732.7,213.4 736.3,215 740.3,213.8 754.7,218.2 763.9,214.6 770.3,215.8 773.5,217 781.1,208.6 781.1,206.6 779.1,206.6 779.1,205.8 781.5,203.8 787.9,203 794.7,205.8 799.1,216.2 805.1,217.8 807.9,223.4 817.9,221.4 813.5,232.2 810.3,231 808.3,232.6 808.3,238.6 807.1,239 807.1,240.6 811.5,238.2 813.5,239.4 819.9,235.8 831.9,220.6 835.5,203.8 828.7,200.2 826.3,203 819.5,197.8 839.9,181.4 871.5,181.8 869.1,179.8 877.1,171.8 885.1,171.4 884.7,176.2 895.9,168.2 896.3,169 893.5,175 876.3,188.2 872.7,196.2 875.5,212.2 890.3,198.6 889.5,193.8 892.7,193.4 891.9,187 889.5,186.6 896.7,179 912.7,177 929.9,168.2 934.3,169.8 935.9,167.8 928.7,159.4 936.3,158.6 939.5,154.2 954.7,161.4 963.5,153.4 951.9,149 951.1,150.6 950.3,147.8 926.3,136.6 911.1,135.4 913.1,140.6 909.1,141.4 906.7,136.2 887.1,139 880.7,131.4 864.3,132.6 853.5,125 833.9,122.2 831.1,129 816.3,130.2 812.7,127 807.5,132.6 801.5,120.6 788.3,117.8 786.3,121.8 761.1,116.6 743.5,120.6 762.7,109 761.9,104.6 755.1,101.8 744.7,103 745.5,100.6 737.9,96.2 715.9,106.6 699.1,107.8 689.5,113.8 690.7,116.6 675.1,119 677.1,124.6 682.7,128.2 676.3,126.2 667.1,123.8 663.9,128.2 669.9,131.4 661.5,129.4 661.1,123 655.9,129.4 659.1,133.8 658.3,140.2 664.7,141 659.5,142.6 659.5,147 653.9,153 648.3,152.2 654.3,148.6 657.1,143 654.7,131.4 655.9,122.2 648.7,120.2 643.5,127.8 639.1,137 645.1,141.4 643.5,143.4 629.1,137.4 621.5,136.2 624.3,141 620.3,142.2 619.1,141 603.5,141.8 589.9,147 589.1,149.8 582.7,148.6 586.3,145.4 580.3,142.6 578.7,148.6 579.5,153.4 574.3,152.2 567.9,156.2 569.5,159.8 561.1,157.4 560.3,159.4 563.5,161.4 562.7,163.4 555.5,160.6 555.1,154.2 549.1,150.2 549.5,149 557.5,152.6 564.7,153.8 569.5,153 572.7,149.4 571.9,146.6 558.7,140.2 545.1,137 539.9,140.2 538.3,141.4 539.5,141.4 538.7,142.6 539.5,144.6 542.7,146.6 540.3,149.8 543.1,155.4 542.3,155.8 541.9,158.2 544.3,162.2 542.7,163.8 547.1,167 545.9,169 537.1,176.6 542.7,178.6 537.9,179.8 592.3,138.2 590.3,141.4 593.1,141.8 595.9,139.4 613.5,133.8 599.5,129 611.9,111 624.7,104.6 640.3,101 645.1,101.8 643.9,105 624.3,110.2 614.7,118.2 609.5,125 610.7,129.8 615.5,132.2  731.9,87 725.1,95 739.5,92.6 726.3,84.2 725.9,89.8 710.3,85.4 709.1,84.2 719.1,81.4 721.1,78.6 714.7,76.2 703.9,83.4  836.7,203.4 836.7,228.2 840.3,226.6 838.7,222.2 841.1,217.4 843.1,218.2 839.5,201.8  
RW 543.9,361.4 542.7,362.6 541.9,362.2 539.9,365 539.9,366.2 544.7,365  
SA 591.1,281.8 589.1,281.8 588.7,280.6 586.3,280.2 581.5,280.2 574.3,274.2 567.1,271.4 561.1,273.4 563.9,276.2 558.7,280.2 555.9,279.8 554.7,283 555.9,283 562.7,293.8 565.1,295.4 566.7,299.4 566.3,300.2 568.7,305 570.7,306.2 576.3,315.4 577.5,314.6 577.5,313 578.3,312.6 586.7,313.4 587.9,314.2 590.3,311 600.3,308.6 608.3,305.8 610.3,300.2 608.7,298.6 602.3,297.8 599.5,294.2 598.7,293.4 597.5,292.6 595.5,289.4 595.1,286.6 592.3,284.6  
SB 874.9,376.3 876.65,377.1 877.75,378.4 880,378.65 883.8,380.55 883.35,381.1 883.3,382.95 885.2,383.5 886.25,384.7 884.1,384.65 885.7,380.75 886.4,380.7 888,384.2 886.2,382.6 887.75,385.35 889.9,386.35 889.6,387.45 876.25,379.55 877.75,379.95 879.3,381.95 877.15,381.1  
SD 524.3,329.8 521.5,324.6 524.7,317 527.1,317 527.1,307 527.1,305.8 529.9,305.8 529.9,300.2 551.1,300.2 553.1,301 557.5,297 560.7,299.8 562.3,309 565.1,311 561.1,313.8 559.9,321 555.5,330.6 554.3,330.2 553.1,336.6 551.1,336.6 550.7,338.2 557.9,344.6 558.3,346.6 554.3,346.6 553.1,347.8 551.9,349 545.1,349.4 535.9,345.4  
SE 493.1,182.6 497.9,192.2 496.7,193.4 498.3,196.6 501.5,195.8 502.3,193.8 506.3,193.4 508.3,184.2 513.9,179.8 511.1,176.6 509.5,175.8 509.1,172.2 512.7,166.6 520.7,160.6 519.5,159 522.7,154.6 527.1,155 525.9,145.4 518.3,140.6 516.7,140.6 516.3,143.8 511.5,143 510.7,145.4 509.5,145 506.3,147.8 506.7,149.4 503.5,153.4 501.9,153.4 499.9,160.2 501.1,160.6 500.7,162.6 497.9,162.2 495.5,165.8 495.9,171.8 497.9,173.4 496.3,175 496.7,178.6 495.1,179.4 494.7,182.6 
SG 736.3,355 735.9,355.4 736.7,355.8 737.1,355 
SI 499.5,229.4 499.9,227 502.3,227.4 506.7,225.8 507.1,227 505.1,228.6 504.3,230.6 499.9,230.6  
SK 513.5,217 523.1,218.6 522.3,221 517.9,220.6 513.5,222.2 513.5,222.6 510.3,223 508.7,222.2 508.7,219.8  
SL 433.9,340.6 437.1,336.2 435.9,336.6 436.3,335.8 434.7,332.6 431.5,332.6 429.1,335 429.5,337 431.1,339 
SN 419.9,326.2 423.9,325.4 427.9,325.4 433.9,325.8 431.9,320.2 426.3,314.6 420.7,315.8 420.3,317.4 418.3,319.8 420.3,323 424.7,322.2 427.9,323.4 426.7,323.8 424.3,323 419.9,324.2  
SO 573.9,348.2 579.5,345.8 582.3,345.8 589.9,337.8 587.1,337.8 579.1,334.6 575.9,330.6 576.7,329.8 577.5,328.6 580.3,331.4 581.9,331.4 597.9,327.4 598.7,331 592.7,341.8 589.9,347 584.7,352.6 577.9,357.4 573.1,363 571.5,361 571.5,351.4 
SR 313.9,343.4 311.5,347.8 315.5,353.8 320.7,352.6 322.3,349.4 320.7,345.8 322.3,343.4  
SV 229.1,320.6 233.5,322.2 233.1,323.8 227.1,322.2 
SY 558.3,260.2 559.5,260.2 560.3,257.8 565.9,257.8 575.5,256.6 573.5,258.6 572.7,258.6 571.5,265 565.9,267.8 560.7,271 557.5,269.8 557.5,268.2 559.9,265.4 559.1,264.2 558.3,264.2 
SZ 547.9,428.6 546.3,427.8 544.7,429.8 545.9,432.2 547.9,432.2 548.3,431 
TD 503.5,297.4 505.9,296.2 527.1,307 527.1,317 524.7,317 521.5,324.6 524.3,329.8 512.7,337.4 504.7,338.6 500.7,333 501.5,332.2 504.7,332.2 503.5,329.4 503.9,327 501.9,324.2 501.1,324.2 499.5,322.6 499.5,320.6 504.7,313.8 505.9,304.6 
TF 645.1,497.8 647.1,499.4 649.1,499 648.3,501.4 644.7,501 
TG 468.7,342.2 467.9,332.6 465.9,331.4 466.3,329.8 464.3,329.4 463.5,330.6 465.1,331.8 465.5,341 467.1,342.6 
TH 733.9,327.4 732.7,323.4 735.1,321 740.3,321 741.1,320.6 741.1,319 741.5,317.4 739.1,315 739.1,313 735.5,309.8 733.5,311.8 732.3,310.6 729.5,312.6 729.1,312.2 729.9,307 727.9,307 727.9,305.4 726.7,304.6 721.5,306.6 719.9,309.8 720.7,311.8 723.5,315.4 722.7,316.6 722.7,318.2 721.9,318.6 722.7,321 724.7,322.6 724.3,324.2 725.5,327.8 722.7,332.6 722.3,338.6 723.1,337 727.1,342.2 727.5,341.8 729.5,342.6 729.5,344.2 731.5,343.8 732.3,342.6 730.3,340.6 729.1,341 727.9,339.8 726.3,334.6 724.7,334.6 724.3,332.2 726.7,327 726.7,323.4 729.1,323.4 728.7,325.4 731.9,325.8 
TJ 645.9,256.6 641.9,256.6 643.5,253.8 643.1,251.4 640.7,250.2 641.5,249 643.9,249 649.1,244.6 649.9,245.4 648.7,246.6 650.3,247.4 649.5,248.2 647.9,247.4 645.9,248.6 646.3,249.4 649.9,249.8 657.5,249.4 658.3,252.2 660.3,252.6 660.7,256.6 659.1,255.8 655.5,256.2 652.3,258.2 651.5,256.6 651.9,254.2 651.1,254.2 651.1,253 649.9,252.6 
TL 791.9,382.6 792.7,381.8 797.9,381 798.3,381.4 792.3,383.8 
TM 605.5,256.2 612.3,253 624.7,258.2 625.1,261.4 628.3,262.6 636.7,255.4 638.7,256.2 638.7,254.2 627.9,247.8 625.5,243.8 621.9,243.4 621.5,240.6 617.1,239.4 613.5,242.2 613.9,243.8 611.1,243.8 609.9,244.2 606.7,240.6 603.5,241 601.9,242.6 602.7,243.8 602.7,242.2 603.5,241.4 605.5,241.4 607.5,244.6 605.1,246.2 603.5,245.4 602.7,244.2 602.3,247.8 604.3,248.2 604.3,249.4 603.5,249.8 604.7,250.2
TN 494.3,268.6 494.3,270.6 490.3,273.4 491.1,275.4 488.7,277 487.9,271.8 483.5,266.6 485.9,262.6 486.3,257.4 489.9,256.2 491.5,257.8 493.1,257 491.5,259.8 493.1,262.6 490.3,265.8  
TO 948.933,414.967 949.833,415.133 949.35,415.517 
TR 537.5,241.8 533.1,242.6 532.7,245.8 534.3,246.2 536.7,244.6 540.3,245 541.1,245.8 536.7,247 535.5,246.6 533.9,246.6 532.7,248.2 532.7,249.4 534.3,250.2 534.7,253 533.5,253 536.7,256.2 536.3,257 542.3,259.8 543.9,259 544.3,257.4 548.3,258.6 549.9,260.2 552.7,259.8 555.5,257.8 557.1,258.6 558.3,257.4 559.1,258.2 557.9,259 558.3,260.2 559.5,260.2 560.3,257.8 565.9,257.8 575.5,256.6 581.5,256.6 579.9,249.8 581.1,248.6 578.7,247.8 578.3,244.2 575.9,243 573.1,243 569.5,245 564.7,245 559.5,244.2 555.9,241.4 551.5,241.8 546.3,243.8 545.9,244.6 540.3,244.2 537.9,243 
TT 301.638,332.062 302.5,331.662 302.1,330.475 303.9,330.188 303.625,332.1 304.188,329.25 304.888,328.812 304.962,329.138 
TW 781.9,291.8 784.3,291.8 781.5,300.6 779.1,297.8 779.5,295.4 
TZ 567.1,371 562.7,367.8 563.1,367 553.467,361.383 551.517,363.767 552.7,364.6 551.9,365.4 547.5,365.4 547.5,361.4 543.9,361.4 544.7,365 545.1,367.4 541.9,370.6 542.7,374.2 542.3,375.4 543.5,376.2 545.9,381.4 550.3,383 553.5,384.2 555.9,389.4 562.3,389.4 570.3,386.6 568.3,385 567.1,380.6 567.9,377 565.9,374.6 
UA 547.5,208.2 545.5,208.2 544.3,210.6 530.3,208.6 525.9,209.8 527.1,213.8 523.5,217 523.9,218.6 523.1,218.6 522.3,221 523.9,222.2 529.5,223.4 534.3,221 536.3,220.6 540.3,222.2 542.7,227 543.9,228.2 544.7,227 552.3,229 549.5,230.6 551.9,231.4 551.9,233.4 553.5,233.8 559.5,231.8 559.9,230.6 557.1,231 554.7,229.4 556.7,227.4 564.3,225 565.1,223 568.3,222.6 569.1,217 562.3,213.8 560.3,214.6 557.5,214.2 555.9,211 553.9,211 552.7,207  
UG 545.1,349.4 551.9,349 553.1,347.8 556.3,353.4 553.1,358.2 551.5,357.8 547.9,359 547.5,361.4 543.9,361.4 542.7,362.6 541.9,362.2 541.9,358.6 546.3,353 544.7,352.2  
US 156.3,270.2 162.7,270.2 172.3,273.8 179.9,273.8 179.9,272.6 184.3,272.6 193.1,280.6 195.1,277.8 197.5,278.2 203.9,287.8 208.7,289 207.9,285 215.9,278.6 223.5,278.6 225.9,280.6 230.7,276.6 237.9,276.6 240.3,278.6 243.1,277 247.1,281 246.3,283.4 250.7,291 253.1,291 253.9,287 249.9,275.8 251.1,272.2 265.5,260.6 263.5,254.2 264.7,255.4 269.5,248.6 269.9,246.2 279.1,242.2 277.9,239 279.5,235.8 288.3,232.2 285.9,229.4 285.9,225 282.3,223.8 275.9,231.8 267.1,231.8 264.3,233.8 263.5,236.6 262.3,237.4 256.3,237.4 256.7,238.6 255.9,239.8 249.1,243 245.9,243 245.1,241.8 247.5,238.2 246.3,235 243.9,236.2 245.1,231.4 241.5,229.4 237.5,233 236.7,236.6 237.5,238.6 235.9,242.2 234.3,242.6 233.1,237.8 236.3,229.4 239.9,228.2 241.1,228.6 244.3,228.6 241.9,227 240.7,226.2 235.1,227.4 231.9,225 232.3,223.8 229.5,225.4 222.3,226.2 228.3,221.8 214.3,218.6 141.5,218.6 141.5,221.4 136.3,221 138.3,228.2 138.3,233.4 136.7,239 138.3,243.8 137.1,246.6 147.5,264.2 153.9,266.6 121.5,198.6 122.7,193.8 107.9,179.8 103.1,183 93.5,177 93.5,137.4 52.3,129.8 27.5,141 26.7,143.4 41.1,152.2 39.1,153.8 33.5,153.4 33.5,151 22.7,155.4 27.9,159.8 36.3,159.8 40.7,158.6 41.5,163.4 35.1,166.6 32.3,165.4 27.9,171.8 30.7,175 29.1,176.6 34.7,179.8 37.5,178.2 39.1,180.6 38.7,183.8 43.1,182.6 46.3,184.6 51.5,183 49.9,188.2 30.7,199 31.9,199.8 45.5,194.2 61.5,183 59.1,181.8 66.7,174.2 65.1,181.8 75.5,178.6 75.9,175.4 78.7,175 86.3,178.6 95.5,179.8 96.3,179.4 97.1,180.6 104.7,185.4 110.3,193 111.5,191.4 115.5,198.6 117.9,197.8 
TW2 323.5,451 323.1,449.4 324.3,447.8 314.7,440.2 312.7,440.6 310.3,451.4 316.3,454.2 321.9,453.8 
UZ 641.9,256.6 638.7,256.2 638.7,254.2 627.9,247.8 625.5,243.8 621.9,243.4 621.5,240.6 617.1,239.4 613.5,242.2 613.9,243.8 611.1,243.8 611.1,232.2 617.9,230.2 624.3,234.2 626.7,237 634.3,236.2 636.7,239 637.5,238.6 637.5,241.8 638.7,241.8 639.5,244.2 641.9,244.2 643.9,245.8 645.1,243.8 650.3,241 651.1,241.4 648.7,243 651.5,244.2 652.3,243.4 655.9,245.4 652.3,247.8 650.3,247.4 648.7,246.6 649.9,245.4 649.1,244.6 643.9,249 641.5,249 640.7,250.2 643.1,251.4 643.5,253.8
VC 303.188,323.462 303.45,323.638 303.238,324.225 302.95,323.875 
VE 275.1,328.2 271.1,334.6 275.9,340.2 279.9,340.2 281.5,342.6 286.7,342.2 285.5,347 287.1,349.8 285.9,351 287.5,352.6 288.3,355.8 290.7,357 297.5,352.6 295.9,352.2 293.9,347.8 298.7,349.4 304.7,345.8 304.7,345 302.7,343 305.5,340.2 304.3,339 307.1,336.6 304.3,335.8 303.9,333.8 299.1,330.6 293.5,332.2 290.3,330.6 285.5,331 281.9,328.2 276.3,330.2 277.5,333.8 275.9,334.6 274.3,333 275.9,330.6 
VN 747.5,301.8 744.3,300.2 744.3,298.2 740.7,296.6 734.7,299 733.1,298.2 732.3,299 734.3,301 734.3,302.2 736.3,303.8 737.5,303 739.9,305.4 737.1,307.4 740.3,309.4 739.9,309.8 746.3,316.6 745.5,317 746.7,318.6 746.3,320.2 746.3,326.2 741.9,328.2 742.7,330.6 741.5,329.8 738.3,331.4 739.9,332.6 739.1,336.6 750.3,329 751.5,325 749.9,318.6 741.1,308.6 742.3,305.8
VU 901.55,397.6 901.95,400.25 903.25,400 903.15,400.85 903.8,402.65 904.7,402.25  
WA 955.633,394.417 956.817,394.233 957.117,395.183 956.317,395.183 957.533,395.383 958.217,395.217 959.083,395.933 
WF 941.575,396.4 942.025,396.75 941.7,396.75 
YE 576.3,315.4 577.5,314.6 577.5,313 578.3,312.6 586.7,313.4 587.9,314.2 590.3,311 600.3,308.6 603.5,315 601.1,316.2 601.1,317.4 578.7,325.8 
ZA 550.3,431 548.3,431 547.9,432.2 545.9,432.2 544.7,429.8 546.3,427.8 547.9,428.6 546.3,418.6 541.1,417.8 534.7,422.2 531.1,427.8 524.7,426.6 521.1,431 518.3,431 517.9,429.8 518.7,429 516.3,425.4 516.3,435.4 514.7,437 509.9,436.2 508.7,434.2 507.1,436.2 512.3,447.4 511.1,448.2 516.3,454.2 521.5,452.6 531.5,451.8 542.3,444.2 549.1,435.8 
ZM 525.5,405.8 521.5,401.4 521.5,393 527.1,393 527.1,387.8 527.9,387.8 528.3,389 530.3,388.6 530.7,389.4 534.7,390.6 535.1,389.4 540.7,394.2 542.3,394.2 542.3,391 540.3,391.4 538.3,389 539.1,387 538.7,383.4 539.9,381.4 544.3,380.2 543.9,381 545.5,381.8 545.9,381.4 550.3,383 552.3,386.6 551.1,395.8 543.5,398.6 543.9,400.2 539.9,401 539.5,402.6 535.1,406.2 529.9,405.8 527.9,405 
ZW 546.3,418.6 550.3,412.6